10121  12 
10061  11 
7943  239 
3708  281 
2055  350 
9295  171 
10470  50 
8349  281 
10295  34 
10060  16 
9456  112 
10581  58 
14322  286 
10411  42 
10176  40 
14188  555 
10743  83 
10157  145 
10331  152 
14700  319 
10230  68 
10122  7 
1035  400 
8  311 
10528  47 
5190  108 
14417  336 
10184  11 
4618  136 
4618  945 
5200  150 
10183  9 
6781  185 
9919  436 
13442  270 
7800  369 
4720  353 
6327  208 
657  237 
13752  499 
10186  19 
6884  74 
10187  23 
5725  121 
216  408 
10001  13 
9881  20 
10598  289 
9036  104 
6029  295 
10062  6 
8085  97 
7985  190 
6877  80 
10300  20 
8087  77 
5750  101 
14685  338 
5134  461 
10365  46 
10473  37 
10123  4 
11292  1033 
3350  526 
10170  355 
9270  508 
7536  498 
13517  355 
11354  513 
12732  1380 
7  1234 
11697  461 
6470  1333 
12418  540 
7455  824 
5887  640 
14413  371 
5812  454 
959  686 
12306  357 
1850  540 
12536  398 
3804  379 
6646  315 
12224  681 
5177  346 
4460  1204 
2227  1207 
1260  1306 
13249  1268 
1925  1184 
7878  1466 
7690  252 
5087  847 
10589  1329 
10013  1331 
1306  1542 
4484  1407 
10027  774 
7435  1098 
1190  269 
1942  70 
8143  153 
8262  454 
9356  734 
7028  400 
287  994 
2017  1076 
11321  880 
14589  1033 
13085  306 
11880  793 
6203  1090 
6769  1018 
6375  785 
12993  1462 
320  739 
2409  229 
13492  622 
315  783 
3070  795 
12854  1249 
3170  920 
2778  435 
5869  927 
3472  797 
3637  429 
11886  1477 
11417  1323 
1819  816 
11776  719 
13591  1101 
8437  757 
1261  1532 
5635  407 
1192  579 
9526  146 
9526  1441 
4807  188 
13265  646 
11067  842 
8579  427 
10939  18 
7688  1227 
6092  454 
13563  1229 
7957  621 
6605  642 
1356  694 
8346  1031 
1152  1176 
1838  794 
7915  1112 
1391  136 
13250  1104 
8700  976 
9143  743 
12373  1101 
5317  656 
2101  973 
2844  401 
12826  880 
912  618 
1954  1099 
5522  302 
773  1394 
6069  957 
1672  208 
309  686 
12119  588 
14396  1520 
10844  462 
12701  890 
14717  1429 
4885  254 
210  988 
6536  831 
408  386 
2306  203 
12790  1026 
10501  367 
3299  64 
1797  1226 
417  661 
6020  652 
6138  1191 
5396  885 
5238  517 
3482  285 
4930  1465 
6035  192 
4580  522 
12272  334 
13585  636 
11655  1064 
10744  1156 
3375  207 
8054  859 
7205  933 
8352  420 
11449  761 
11014  1306 
4046  662 
2249  172 
9235  1236 
586  1070 
10906  819 
3738  1092 
4136  617 
12663  1018 
12004  1527 
9188  661 
9569  685 
250  806 
4318  268 
882  571 
13287  722 
2337  918 
667  245 
6143  841 
533  1234 
1341  143 
98  581 
951  1291 
11406  474 
7211  312 
8162  432 
5046  944 
4097  106 
9202  692 
2709  713 
5475  751 
5334  812 
7179  109 
14390  737 
3094  702 
10244  988 
8136  177 
10496  1336 
12257  533 
13742  44 
1361  775 
13353  727 
1637  1064 
8545  198 
6593  1422 
8467  1166 
6448  148 
10100  1065 
12415  598 
957  838 
5079  1454 
9100  663 
14666  974 
3995  697 
5052  1423 
1298  1134 
